-1.221730 -38.962815 0.005236 1.198149
-1.134464 -48.043021 0.005236 0.783690
-1.047198 -47.211221 0.005236 2.640015
-0.959931 -59.773109 0.005236 0.846642
-0.872665 -64.867595 0.005236 0.852533
-0.785398 -62.054592 0.005236 1.083705
-0.698132 -66.389453 0.005236 1.019440
-0.610865 -64.049991 0.005236 0.641524
0.610865 -67.040782 0.005236 0.691844
0.698132 -66.342683 0.005236 1.064921
0.785398 -66.477489 0.005236 0.491222
0.872665 -59.293103 0.005236 1.665905
0.959931 -56.834631 0.005236 1.477849
1.047198 -49.425845 0.005236 0.996645
1.134464 -40.216988 0.005236 1.187560
