-1.221730 28.394288 0.005236 1.236335
-1.134464 22.569925 0.005236 0.989148
-1.047198 19.346395 0.005236 2.982739
-0.959931 15.882541 0.005236 0.947919
-0.872665 26.760899 0.005236 1.217968
-0.785398 18.157404 0.005236 0.488047
-0.698132 14.728367 0.005236 1.548224
-0.610865 15.017118 0.005236 3.297998
0.610865 13.067194 0.005236 1.055195
0.698132 12.004366 0.005236 0.706389
0.785398 16.274592 0.005236 0.806924
0.872665 18.416104 0.005236 0.905646
0.959931 19.974690 0.005236 1.199400
1.047198 22.218437 0.005236 0.786674
1.134464 27.581383 0.005236 2.598080
