-1.221730 -13.970950 0.005236 3.106006
-1.134464 -17.393368 0.005236 1.529497
-1.047198 -32.208692 0.005236 1.415183
-0.959931 -31.550788 0.005236 2.875792
-0.872665 -1.353227 0.005236 4.752191
-0.785398 -15.472370 0.005236 2.163821
-0.698132 -29.927639 0.005236 4.365639
-0.610865 -41.367093 0.005236 0.753211
0.610865 -26.800389 0.005236 1.548732
0.698132 -37.792083 0.005236 1.183683
0.785398 -29.292705 0.005236 3.675082
0.872665 -27.374297 0.005236 1.680273
0.959931 -21.946809 0.005236 3.549512
1.047198 -7.014158 0.005236 1.877330
1.134464 2.532636 0.005236 2.850597
