-1.221730 25.964544 0.005236 1.286360
-1.134464 26.463083 0.005236 1.018964
-1.047198 15.059255 0.005236 0.630475
-0.959931 17.437474 0.005236 0.792984
-0.872665 17.462583 0.005236 0.907608
-0.785398 15.031034 0.005236 0.748467
-0.698132 11.340876 0.005236 0.583131
-0.610865 14.713194 0.005236 0.708800
0.610865 13.014230 0.005236 1.086144
0.698132 13.825016 0.005236 0.762367
0.785398 16.719496 0.005236 1.206248
0.872665 18.637709 0.005236 0.895763
0.959931 18.475518 0.005236 0.759982
1.047198 29.700763 0.005236 1.502275
1.134464 26.073475 0.005236 0.897106
