-1.221730 54.606919 0.005236 0.413719
-1.134464 68.556912 0.005236 0.566756
-1.047198 30.614328 0.005236 0.220818
-0.959931 30.073786 0.005236 0.457949
-0.872665 37.283417 0.005236 0.653634
-0.785398 54.498076 0.005236 0.448585
-0.698132 44.393670 0.005236 0.586561
-0.610865 67.266232 0.005236 1.306112
0.610865 44.459322 0.005236 0.699455
0.698132 50.170333 0.005236 0.498655
0.785398 34.763506 0.005236 0.272163
0.872665 26.858861 0.005236 0.216895
0.959931 36.666470 0.005236 0.313686
1.047198 66.661335 0.005236 0.741998
1.134464 51.203988 0.005236 0.396030
