-1.221730 56.737233 0.005236 2.594260
-1.134464 49.101249 0.005236 1.709737
-1.047198 36.286017 0.005236 0.341354
-0.959931 29.526802 0.005236 0.327231
-0.872665 23.835512 0.005236 0.350142
-0.785398 27.513122 0.005236 0.503796
-0.698132 34.303398 0.005236 0.492928
-0.610865 43.804492 0.005236 0.384456
0.610865 33.951575 0.005236 0.939362
0.698132 28.351111 0.005236 0.627230
0.785398 24.210157 0.005236 0.324548
0.872665 30.729421 0.005236 0.453526
0.959931 40.023475 0.005236 0.775132
1.047198 46.412580 0.005236 0.674034
1.134464 52.266001 0.005236 0.531666
