-1.221730 4.698257 0.005236 1.811942
-1.134464 -4.060191 0.005236 1.165419
-1.047198 -11.151282 0.005236 1.119803
-0.959931 -11.858622 0.005236 0.658953
-0.872665 -13.006111 0.005236 3.609512
-0.785398 -18.125606 0.005236 0.792757
-0.698132 -18.459060 0.005236 1.548323
-0.610865 -20.077206 0.005236 0.488601
0.610865 -16.707363 0.005236 0.557523
0.698132 -16.129918 0.005236 0.629579
0.785398 -8.617489 0.005236 6.446227
0.872665 -11.626160 0.005236 3.424711
0.959931 -22.726980 0.005236 1.040312
1.047198 -13.397254 0.005236 0.908372
1.134464 -10.616530 0.005236 4.399754
