-1.221730 16.813436 0.005236 1.368192
-1.134464 18.607273 0.005236 2.443724
-1.047198 -20.559373 0.005236 1.354054
-0.959931 -22.009646 0.005236 0.826117
-0.872665 -10.972972 0.005236 1.895427
-0.785398 -1.556826 0.005236 2.615110
-0.698132 -5.254905 0.005236 1.530968
-0.610865 8.555806 0.005236 1.775402
0.610865 -10.992728 0.005236 2.956159
0.698132 -3.488185 0.005236 1.511421
0.785398 -6.003134 0.005236 2.556696
0.872665 -21.847853 0.005236 3.638858
0.959931 -12.355261 0.005236 0.813420
1.047198 21.134226 0.005236 1.670365
1.134464 14.561726 0.005236 1.420282
