-1.221730 11.718440 0.005236 2.394588
-1.134464 -3.284860 0.005236 0.511599
-1.047198 -11.398665 0.005236 0.347208
-0.959931 -10.921956 0.005236 0.420648
-0.872665 -13.187353 0.005236 0.623608
-0.785398 -13.765099 0.005236 0.855874
-0.698132 -12.064249 0.005236 0.418625
-0.610865 -16.112057 0.005236 0.873831
0.610865 -15.129100 0.005236 0.381844
0.698132 -18.070373 0.005236 0.387687
0.785398 -15.954400 0.005236 0.307539
0.872665 -16.460769 0.005236 0.567610
0.959931 -14.352061 0.005236 0.977446
1.047198 -0.657076 0.005236 0.658296
1.134464 10.642171 0.005236 0.808478
