-1.221730 -0.938154 0.005236 2.724334
-1.134464 -11.805059 0.005236 1.366165
-1.047198 -13.887350 0.005236 1.478908
-0.959931 -19.059839 0.005236 4.285950
-0.872665 -22.690199 0.005236 2.313465
-0.785398 -25.553625 0.005236 13.609792
-0.698132 -32.326920 0.005236 2.270957
-0.610865 -43.255741 0.005236 1.950991
0.610865 -49.518623 0.005236 1.092931
0.698132 -45.099790 0.005236 1.250921
0.785398 -40.262606 0.005236 2.834724
0.872665 -31.365408 0.005236 2.446007
0.959931 -25.897226 0.005236 0.796009
1.047198 -17.030012 0.005236 1.278325
1.134464 -9.963389 0.005236 4.275139
