-1.221730 82.128363 0.005236 1.804244
-1.134464 81.390104 0.005236 1.181573
-1.047198 64.477617 0.005236 1.103295
-0.959931 68.311993 0.005236 1.161507
-0.872665 48.882637 0.005236 1.206878
-0.785398 53.199686 0.005236 2.423944
-0.698132 61.413179 0.005236 0.972893
-0.610865 55.877878 0.005236 0.834348
0.610865 62.670786 0.005236 1.741172
0.698132 51.213285 0.005236 1.254561
0.785398 48.465027 0.005236 0.749982
0.872665 74.042809 0.005236 1.761639
0.959931 66.243740 0.005236 1.255978
1.047198 79.108033 0.005236 1.476993
1.134464 83.042554 0.005236 1.751029
