-1.221730 0.942146 0.005236 1.973043
-1.134464 0.401966 0.005236 0.790409
-1.047198 -0.385182 0.005236 1.366766
-0.959931 -4.035625 0.005236 1.534484
-0.872665 -2.622186 0.005236 0.855816
-0.785398 -4.495989 0.005236 1.974889
-0.698132 -12.200593 0.005236 1.114077
-0.610865 -10.989474 0.005236 1.062292
0.610865 -17.676787 0.005236 1.748827
0.698132 -8.245448 0.005236 1.659661
0.785398 -6.775773 0.005236 0.882359
0.872665 -8.808963 0.005236 0.909377
0.959931 -9.135651 0.005236 4.159926
1.047198 -0.836166 0.005236 1.295718
1.134464 -4.695883 0.005236 1.595178
