-1.221730 73.276477 0.005236 1.431854
-1.134464 53.211758 0.005236 0.577483
-1.047198 31.944979 0.005236 0.500026
-0.959931 35.115633 0.005236 0.685238
-0.872665 39.354845 0.005236 0.662031
-0.785398 59.709790 0.005236 0.689658
-0.698132 75.945971 0.005236 1.559801
-0.610865 50.354287 0.005236 0.363994
0.610865 72.913487 0.005236 1.417835
0.698132 61.225358 0.005236 0.851535
0.785398 37.195995 0.005236 0.421801
0.872665 36.658367 0.005236 0.331289
0.959931 34.254127 0.005236 0.483999
1.047198 47.911447 0.005236 0.266506
1.134464 65.945979 0.005236 0.522333
