-1.221730 18.943634 0.005236 0.779217
-1.134464 17.434867 0.005236 0.841261
-1.047198 18.235308 0.005236 0.499254
-0.959931 14.438110 0.005236 0.934735
-0.872665 13.964483 0.005236 5.475290
-0.785398 12.927881 0.005236 2.789739
-0.698132 6.542728 0.005236 0.941114
-0.610865 10.027867 0.005236 0.926977
0.610865 11.476817 0.005236 0.875787
0.698132 14.690485 0.005236 0.542711
0.785398 12.959372 0.005236 0.535752
0.872665 8.919649 0.005236 1.242178
0.959931 11.110879 0.005236 0.814574
1.047198 16.311533 0.005236 0.699983
1.134464 22.157428 0.005236 2.128220
