-1.221730 49.712811 0.005236 1.640578
-1.134464 48.893931 0.005236 1.518889
-1.047198 42.759004 0.005236 1.245574
-0.959931 41.302101 0.005236 1.275383
-0.872665 33.806976 0.005236 1.079056
-0.785398 28.024111 0.005236 2.162584
-0.698132 43.059200 0.005236 1.304197
-0.610865 43.398043 0.005236 1.078047
0.610865 40.964937 0.005236 1.005176
0.698132 27.219561 0.005236 0.778043
0.785398 35.196679 0.005236 0.810162
0.872665 44.054811 0.005236 0.773996
0.959931 42.208963 0.005236 0.731102
1.047198 51.571150 0.005236 1.953275
1.134464 49.039981 0.005236 1.524535
