-1.221730 32.097263 0.005236 1.072366
-1.134464 13.296920 0.005236 2.419188
-1.047198 -2.011536 0.005236 1.309406
-0.959931 -0.549361 0.005236 1.442119
-0.872665 -0.349398 0.005236 2.947805
-0.785398 4.663352 0.005236 8.778762
-0.698132 -3.874261 0.005236 2.643180
-0.610865 -2.205378 0.005236 3.748718
0.610865 -9.888813 0.005236 3.595552
0.698132 -4.250663 0.005236 1.752285
0.785398 2.419439 0.005236 1.430897
0.872665 6.112174 0.005236 23.904620
0.959931 8.102248 0.005236 1.262376
1.047198 22.938791 0.005236 0.633830
1.134464 32.306151 0.005236 2.878115
