-1.221730 34.179341 0.005236 1.327813
-1.134464 28.108305 0.005236 1.367181
-1.047198 18.771140 0.005236 0.381494
-0.959931 28.543074 0.005236 0.408893
-0.872665 13.742148 0.005236 0.466278
-0.785398 19.625624 0.005236 1.019781
-0.698132 16.262965 0.005236 0.904498
-0.610865 31.496480 0.005236 0.733857
0.610865 16.033256 0.005236 0.658176
0.698132 20.298684 0.005236 0.490672
0.785398 15.527895 0.005236 0.482632
0.872665 29.652072 0.005236 1.020542
0.959931 19.589764 0.005236 0.651312
1.047198 25.225797 0.005236 2.666834
1.134464 34.768033 0.005236 1.506612
