-1.221730 -16.441233 0.005236 2.598096
-1.134464 -22.766811 0.005236 1.905213
-1.047198 -28.593909 0.005236 1.429003
-0.959931 -27.528967 0.005236 2.000524
-0.872665 -36.306840 0.005236 3.335018
-0.785398 -42.981140 0.005236 1.441795
-0.698132 -41.395584 0.005236 2.281844
-0.610865 -40.769511 0.005236 3.532434
0.610865 -40.401602 0.005236 0.813700
0.698132 -37.535930 0.005236 1.168683
0.785398 -33.484220 0.005236 11.350955
0.872665 -29.042523 0.005236 2.667190
0.959931 -33.098053 0.005236 2.016694
1.047198 -19.058789 0.005236 0.497715
1.134464 -15.678404 0.005236 2.591939
