-1.221730 34.351835 0.005236 2.376321
-1.134464 31.254995 0.005236 1.369123
-1.047198 21.420862 0.005236 0.422342
-0.959931 32.213849 0.005236 0.963932
-0.872665 17.022108 0.005236 0.489466
-0.785398 22.225799 0.005236 0.552140
-0.698132 20.311166 0.005236 0.441908
-0.610865 35.190274 0.005236 1.097844
0.610865 18.953577 0.005236 0.365695
0.698132 23.470226 0.005236 0.527112
0.785398 18.736731 0.005236 0.312756
0.872665 33.152396 0.005236 0.656375
0.959931 22.782535 0.005236 0.651123
1.047198 27.569434 0.005236 2.017669
1.134464 37.795665 0.005236 1.524171
