-1.221730 77.260559 0.005236 1.795432
-1.134464 55.413701 0.005236 0.870142
-1.047198 34.710038 0.005236 0.596329
-0.959931 37.325730 0.005236 0.972770
-0.872665 41.380641 0.005236 0.915744
-0.785398 60.374221 0.005236 1.311116
-0.698132 79.291005 0.005236 2.994658
-0.610865 53.542193 0.005236 0.896538
0.610865 77.138141 0.005236 1.905150
0.698132 64.207030 0.005236 1.332438
0.785398 39.443905 0.005236 0.628934
0.872665 38.547595 0.005236 1.641324
0.959931 37.278300 0.005236 0.916298
1.047198 52.308397 0.005236 1.654771
1.134464 72.878051 0.005236 1.441325
